0 0 -1.0000000000000002
0 1 -0.9917900138232462
0 2 -0.9672948630390296
0 3 -0.9269167573460219
0 4 -0.8713187041233895
0 5 -0.8014136218679566
0 6 -0.7183493500977276
0 7 -0.6234898018587336
0 8 -0.5183925683105252
0 9 -0.40478334312239395
0 10 -0.28452758663103267
0 11 -0.1595998950333793
0 12 -0.03205157757165533
0 13 0.09602302590768154
0 14 0.22252093395631434
0 15 0.3453650544213075
0 16 0.4625382902408351
0 17 0.5721166601221694
0 18 0.6723008902613166
0 19 0.7614459583691341
0 20 0.8380881048918404
0 21 0.900968867902419
0 22 0.9490557470106685
0 23 0.9815591569910652
0 24 0.9979453927503362
0 25 0.9979453927503362
0 26 0.9815591569910653
0 27 0.9490557470106686
0 28 0.900968867902419
0 29 0.8380881048918406
0 30 0.7614459583691344
0 31 0.6723008902613169
0 32 0.5721166601221698
0 33 0.4625382902408351
0 34 0.34536505442130794
0 35 0.22252093395631434
0 36 0.0960230259076822
0 37 -0.03205157757165511
0 38 -0.15959989503337865
0 39 -0.2845275866310322
0 40 -0.40478334312239317
0 41 -0.5183925683105247
0 42 -0.6234898018587336
0 43 -0.7183493500977273
0 44 -0.8014136218679566
0 45 -0.8713187041233891
0 46 -0.9269167573460217
0 47 -0.9672948630390293
0 48 -0.9917900138232462
0 49 -1.0000000000000002
1 0 -1.127877161684506
1 1 -1.119667175507752
1 2 -1.0951720247235355
1 3 -1.0547939190305278
1 4 -0.9991958658078954
1 5 -0.9292907835524625
1 6 -0.8462265117822335
1 7 -0.7513669635432395
1 8 -0.6462697299950311
1 9 -0.5326605048068999
1 10 -0.41240474831553864
1 11 -0.28747705671788526
1 12 -0.15992873925616125
1 13 -0.03185413577682439
1 14 0.0946437722718084
1 15 0.21748789273680155
1 16 0.3346611285563291
1 17 0.4442394984376635
1 18 0.5444237285768107
1 19 0.6335687966846282
1 20 0.7102109432073345
1 21 0.7730917062179131
1 22 0.8211785853261626
1 23 0.8536819953065593
1 24 0.8700682310658303
1 25 0.8700682310658303
1 26 0.8536819953065594
1 27 0.8211785853261627
1 28 0.7730917062179131
1 29 0.7102109432073347
1 30 0.6335687966846285
1 31 0.544423728576811
1 32 0.44423949843766386
1 33 0.3346611285563291
1 34 0.217487892736802
1 35 0.0946437722718084
1 36 -0.03185413577682372
1 37 -0.15992873925616102
1 38 -0.2874770567178846
1 39 -0.4124047483155382
1 40 -0.5326605048068991
1 41 -0.6462697299950306
1 42 -0.7513669635432395
1 43 -0.8462265117822332
1 44 -0.9292907835524625
1 45 -0.999195865807895
1 46 -1.0547939190305278
1 47 -1.0951720247235353
1 48 -1.119667175507752
1 49 -1.127877161684506
2 0 -1.2536545839095075
2 1 -1.2454445977327535
2 2 -1.220949446948537
2 3 -1.1805713412555292
2 4 -1.1249732880328969
2 5 -1.0550682057774639
2 6 -0.9720039340072348
2 7 -0.8771443857682408
2 8 -0.7720471522200324
2 9 -0.6584379270319012
2 10 -0.5381821705405399
2 11 -0.4132544789428865
2 12 -0.28570616148116257
2 13 -0.15763155800182568
2 14 -0.0311336499531929
2 15 0.09171047051180026
2 16 0.20888370633132786
2 17 0.3184620762126622
2 18 0.4186463063518093
2 19 0.5077913744596269
2 20 0.5844335209823331
2 21 0.6473142839929118
2 22 0.6954011631011613
2 23 0.727904573081558
2 24 0.744290808840829
2 25 0.744290808840829
2 26 0.7279045730815581
2 27 0.6954011631011614
2 28 0.6473142839929118
2 29 0.5844335209823334
2 30 0.5077913744596272
2 31 0.41864630635180966
2 32 0.31846207621266254
2 33 0.20888370633132786
2 34 0.0917104705118007
2 35 -0.0311336499531929
2 36 -0.15763155800182502
2 37 -0.28570616148116235
2 38 -0.4132544789428859
2 39 -0.5381821705405394
2 40 -0.6584379270319004
2 41 -0.772047152220032
2 42 -0.8771443857682408
2 43 -0.9720039340072345
2 44 -1.0550682057774639
2 45 -1.1249732880328964
2 46 -1.180571341255529
2 47 -1.2209494469485365
2 48 -1.2454445977327535
2 49 -1.2536545839095075
3 0 -1.375267004879374
3 1 -1.36705701870262
3 2 -1.3425618679184035
3 3 -1.3021837622253958
3 4 -1.2465857090027634
3 5 -1.1766806267473306
3 6 -1.0936163549771014
3 7 -0.9987568067381075
3 8 -0.8936595731898991
3 9 -0.7800503480017679
3 10 -0.6597945915104066
3 11 -0.5348668999127533
3 12 -0.40731858245102925
3 13 -0.2792439789716924
3 14 -0.15274607092305958
3 15 -0.02990195045806643
3 16 0.08727128536146117
3 17 0.19684965524279552
3 18 0.29703388538194264
3 19 0.38617895348976017
3 20 0.46282110001246646
3 21 0.5257018630230451
3 22 0.5737887421312946
3 23 0.6062921521116913
3 24 0.6226783878709623
3 25 0.6226783878709623
3 26 0.6062921521116914
3 27 0.5737887421312947
3 28 0.5257018630230451
3 29 0.4628211000124667
3 30 0.3861789534897605
3 31 0.297033885381943
3 32 0.19684965524279585
3 33 0.08727128536146117
3 34 -0.029901950458065985
3 35 -0.15274607092305958
3 36 -0.27924397897169173
3 37 -0.40731858245102903
3 38 -0.5348668999127526
3 39 -0.6597945915104062
3 40 -0.7800503480017671
3 41 -0.8936595731898986
3 42 -0.9987568067381075
3 43 -1.0936163549771012
3 44 -1.1766806267473306
3 45 -1.246585709002763
3 46 -1.3021837622253956
3 47 -1.3425618679184033
3 48 -1.36705701870262
3 49 -1.375267004879374
4 0 -1.4907175520039377
4 1 -1.4825075658271838
4 2 -1.4580124150429672
4 3 -1.4176343093499595
4 4 -1.3620362561273271
4 5 -1.2921311738718941
4 6 -1.2090669021016653
4 7 -1.1142073538626711
4 8 -1.0091101203144628
4 9 -0.8955008951263316
4 10 -0.7752451386349704
4 11 -0.650317447037317
4 12 -0.522769129575593
4 13 -0.3946945260962561
4 14 -0.2681966180476233
4 15 -0.14535249758263014
4 16 -0.028179261763102537
4 17 0.08139910811823181
4 18 0.18158333825737893
4 19 0.27072840636519646
4 20 0.34737055288790275
4 21 0.4102513158984814
4 22 0.4583381950067309
4 23 0.4908416049871276
4 24 0.5072278407463986
4 25 0.5072278407463986
4 26 0.4908416049871277
4 27 0.458338195006731
4 28 0.4102513158984814
4 29 0.347370552887903
4 30 0.2707284063651968
4 31 0.18158333825737927
4 32 0.08139910811823214
4 33 -0.028179261763102537
4 34 -0.1453524975826297
4 35 -0.2681966180476233
4 36 -0.39469452609625544
4 37 -0.5227691295755927
4 38 -0.6503174470373163
4 39 -0.7752451386349699
4 40 -0.8955008951263308
4 41 -1.0091101203144623
4 42 -1.1142073538626711
4 43 -1.209066902101665
4 44 -1.2921311738718941
4 45 -1.3620362561273267
4 46 -1.4176343093499595
4 47 -1.458012415042967
4 48 -1.4825075658271838
4 49 -1.4907175520039377
5 0 -1.598110530491216
5 1 -1.589900544314462
5 2 -1.5654053935302454
5 3 -1.5250272878372377
5 4 -1.4694292346146054
5 5 -1.3995241523591726
5 6 -1.3164598805889436
5 7 -1.2216003323499496
5 8 -1.1165030988017413
5 9 -1.00289387361361
5 10 -0.8826381171222486
5 11 -0.7577104255245952
5 12 -0.6301621080628713
5 13 -0.5020875045835345
5 14 -0.37558959653490165
5 15 -0.2527454760699085
5 16 -0.1355722402503809
5 17 -0.025993870369046546
5 18 0.07419035977010058
5 19 0.1633354278779181
5 20 0.2399775744006244
5 21 0.30285833741120305
5 22 0.35094521651945254
5 23 0.38344862649984923
5 24 0.39983486225912024
5 25 0.39983486225912024
5 26 0.38344862649984934
5 27 0.35094521651945265
5 28 0.30285833741120305
5 29 0.23997757440062462
5 30 0.16333542787791844
5 31 0.07419035977010091
5 32 -0.025993870369046213
5 33 -0.1355722402503809
5 34 -0.25274547606990805
5 35 -0.37558959653490165
5 36 -0.5020875045835338
5 37 -0.6301621080628711
5 38 -0.7577104255245947
5 39 -0.8826381171222482
5 40 -1.0028938736136093
5 41 -1.1165030988017408
5 42 -1.2216003323499496
5 43 -1.3164598805889431
5 44 -1.3995241523591726
5 45 -1.469429234614605
5 46 -1.5250272878372377
5 47 -1.5654053935302454
5 48 -1.589900544314462
5 49 -1.598110530491216
6 0 -1.6956825506034865
6 1 -1.6874725644267325
6 2 -1.662977413642516
6 3 -1.6225993079495082
6 4 -1.567001254726876
6 5 -1.4970961724714429
6 6 -1.414031900701214
6 7 -1.3191723524622199
6 8 -1.2140751189140115
6 9 -1.1004658937258802
6 10 -0.9802101372345191
6 11 -0.8552824456368657
6 12 -0.7277341281751417
6 13 -0.5996595246958049
6 14 -0.47316161664717205
6 15 -0.3503174961821789
6 16 -0.2331442603626513
6 17 -0.12356589048131694
6 18 -0.02338166034216982
6 19 0.06576340776564771
6 20 0.142405554288354
6 21 0.20528631729893265
6 22 0.25337319640718214
6 23 0.28587660638757884
6 24 0.30226284214684984
6 25 0.30226284214684984
6 26 0.28587660638757895
6 27 0.25337319640718226
6 28 0.20528631729893265
6 29 0.14240555428835422
6 30 0.06576340776564804
6 31 -0.023381660342169486
6 32 -0.12356589048131661
6 33 -0.2331442603626513
6 34 -0.35031749618217844
6 35 -0.47316161664717205
6 36 -0.5996595246958042
6 37 -0.7277341281751415
6 38 -0.8552824456368651
6 39 -0.9802101372345187
6 40 -1.1004658937258796
6 41 -1.214075118914011
6 42 -1.3191723524622199
6 43 -1.4140319007012137
6 44 -1.4970961724714429
6 45 -1.5670012547268755
6 46 -1.6225993079495082
6 47 -1.6629774136425157
6 48 -1.6874725644267325
6 49 -1.6956825506034865
7 0 -1.78183148246803
7 1 -1.773621496291276
7 2 -1.7491263455070594
7 3 -1.7087482398140517
7 4 -1.6531501865914193
7 5 -1.5832451043359863
7 6 -1.5001808325657575
7 7 -1.4053212843267633
7 8 -1.300224050778555
7 9 -1.1866148255904236
7 10 -1.0663590690990625
7 11 -0.9414313775014092
7 12 -0.8138830600396851
7 13 -0.6858084565603483
7 14 -0.5593105485117155
7 15 -0.4364664280467223
7 16 -0.3192931922271947
7 17 -0.20971482234586036
7 18 -0.10953059220671324
7 19 -0.020385524098895713
7 20 0.056256622423810576
7 21 0.11913738543438923
7 22 0.16722426454263872
7 23 0.19972767452303541
7 24 0.21611391028230642
7 25 0.21611391028230642
7 26 0.19972767452303553
7 27 0.16722426454263883
7 28 0.11913738543438923
7 29 0.0562566224238108
7 30 -0.02038552409889538
7 31 -0.1095305922067129
7 32 -0.20971482234586003
7 33 -0.3192931922271947
7 34 -0.43646642804672187
7 35 -0.5593105485117155
7 36 -0.6858084565603476
7 37 -0.8138830600396849
7 38 -0.9414313775014085
7 39 -1.066359069099062
7 40 -1.186614825590423
7 41 -1.3002240507785545
7 42 -1.4053212843267633
7 43 -1.500180832565757
7 44 -1.5832451043359863
7 45 -1.6531501865914189
7 46 -1.7087482398140517
7 47 -1.7491263455070591
7 48 -1.773621496291276
7 49 -1.78183148246803
8 0 -1.8551427630053463
8 1 -1.8469327768285924
8 2 -1.8224376260443758
8 3 -1.782059520351368
8 4 -1.7264614671287357
8 5 -1.6565563848733027
8 6 -1.5734921131030737
8 7 -1.4786325648640797
8 8 -1.3735353313158711
8 9 -1.25992610612774
8 10 -1.1396703496363787
8 11 -1.0147426580387253
8 12 -0.8871943405770014
8 13 -0.7591197370976646
8 14 -0.6326218290490317
8 15 -0.5097777085840386
8 16 -0.392604472764511
8 17 -0.28302610288317664
8 18 -0.18284187274402952
8 19 -0.093696804636212
8 20 -0.017054658113505705
8 21 0.04582610489707295
8 22 0.09391298400532244
8 23 0.12641639398571913
8 24 0.14280262974499014
8 25 0.14280262974499014
8 26 0.12641639398571924
8 27 0.09391298400532255
8 28 0.04582610489707295
8 29 -0.017054658113505483
8 30 -0.09369680463621166
8 31 -0.1828418727440292
8 32 -0.2830261028831763
8 33 -0.392604472764511
8 34 -0.5097777085840381
8 35 -0.6326218290490317
8 36 -0.7591197370976639
8 37 -0.8871943405770012
8 38 -1.0147426580387247
8 39 -1.1396703496363783
8 40 -1.2599261061277391
8 41 -1.3735353313158707
8 42 -1.4786325648640797
8 43 -1.5734921131030735
8 44 -1.6565563848733027
8 45 -1.7264614671287353
8 46 -1.7820595203513678
8 47 -1.8224376260443753
8 48 -1.8469327768285924
8 49 -1.8551427630053463
9 0 -1.9144126230158125
9 1 -1.9062026368390586
9 2 -1.881707486054842
9 3 -1.8413293803618342
9 4 -1.785731327139202
9 5 -1.7158262448837691
9 6 -1.6327619731135399
9 7 -1.537902424874546
9 8 -1.4328051913263375
9 9 -1.3191959661382064
9 10 -1.1989402096468451
9 11 -1.0740125180491917
9 12 -0.9464642005874677
9 13 -0.8183895971081309
9 14 -0.691891689059498
9 15 -0.5690475685945049
9 16 -0.4518743327749773
9 17 -0.34229596289364295
9 18 -0.24211173275449582
9 19 -0.1529666646466783
9 20 -0.07632451812397201
9 21 -0.013443755113393352
9 22 0.03464312399485614
9 23 0.06714653397525283
9 24 0.08353276973452384
9 25 0.08353276973452384
9 26 0.06714653397525294
9 27 0.03464312399485625
9 28 -0.013443755113393352
9 29 -0.07632451812397179
9 30 -0.15296666464667796
9 31 -0.2421117327544955
9 32 -0.3422959628936426
9 33 -0.4518743327749773
9 34 -0.5690475685945044
9 35 -0.691891689059498
9 36 -0.8183895971081302
9 37 -0.9464642005874675
9 38 -1.074012518049191
9 39 -1.1989402096468447
9 40 -1.3191959661382056
9 41 -1.432805191326337
9 42 -1.537902424874546
9 43 -1.6327619731135397
9 44 -1.7158262448837691
9 45 -1.7857313271392015
9 46 -1.841329380361834
9 47 -1.8817074860548417
9 48 -1.9062026368390586
9 49 -1.9144126230158125
10 0 -1.9586678530366606
10 1 -1.9504578668599066
10 2 -1.92596271607569
10 3 -1.8855846103826823
10 4 -1.82998655716005
10 5 -1.760081474904617
10 6 -1.6770172031343882
10 7 -1.582157654895394
10 8 -1.4770604213471856
10 9 -1.3634511961590543
10 10 -1.2431954396676932
10 11 -1.1182677480700398
10 12 -0.9907194306083158
10 13 -0.8626448271289789
10 14 -0.7361469190803461
10 15 -0.613302798615353
10 16 -0.4961295627958254
10 17 -0.386551192914491
10 18 -0.2863669627753439
10 19 -0.19722189466752638
10 20 -0.12057974814482009
10 21 -0.05769898513424143
10 22 -0.00961210602599194
10 23 0.02289130395440475
10 24 0.03927753971367576
10 25 0.03927753971367576
10 26 0.022891303954404862
10 27 -0.009612106025991829
10 28 -0.05769898513424143
10 29 -0.12057974814481986
10 30 -0.19722189466752604
10 31 -0.28636696277534357
10 32 -0.3865511929144907
10 33 -0.4961295627958254
10 34 -0.6133027986153525
10 35 -0.7361469190803461
10 36 -0.8626448271289783
10 37 -0.9907194306083156
10 38 -1.1182677480700391
10 39 -1.2431954396676927
10 40 -1.3634511961590536
10 41 -1.4770604213471852
10 42 -1.582157654895394
10 43 -1.6770172031343877
10 44 -1.760081474904617
10 45 -1.8299865571600495
10 46 -1.8855846103826823
10 47 -1.9259627160756898
10 48 -1.9504578668599066
10 49 -1.9586678530366606
11 0 -1.9871817834144503
11 1 -1.9789717972376963
11 2 -1.9544766464534797
11 3 -1.914098540760472
11 4 -1.8585004875378397
11 5 -1.7885954052824067
11 6 -1.7055311335121777
11 7 -1.6106715852731837
11 8 -1.5055743517249751
11 9 -1.391965126536844
11 10 -1.2717093700454827
11 11 -1.1467816784478293
11 12 -1.0192333609861053
11 13 -0.8911587575067685
11 14 -0.7646608494581357
11 15 -0.6418167289931426
11 16 -0.524643493173615
11 17 -0.4150651232922806
11 18 -0.3148808931531335
11 19 -0.22573582504531597
11 20 -0.14909367852260969
11 21 -0.08621291551203103
11 22 -0.03812603640378154
11 23 -0.005622626423384847
11 24 0.01076360933588616
11 25 0.01076360933588616
11 26 -0.005622626423384736
11 27 -0.03812603640378143
11 28 -0.08621291551203103
11 29 -0.14909367852260946
11 30 -0.22573582504531564
11 31 -0.31488089315313317
11 32 -0.4150651232922803
11 33 -0.524643493173615
11 34 -0.6418167289931421
11 35 -0.7646608494581357
11 36 -0.8911587575067679
11 37 -1.019233360986105
11 38 -1.1467816784478286
11 39 -1.2717093700454822
11 40 -1.3919651265368431
11 41 -1.5055743517249747
11 42 -1.6106715852731837
11 43 -1.7055311335121774
11 44 -1.7885954052824067
11 45 -1.8585004875378393
11 46 -1.9140985407604718
11 47 -1.9544766464534793
11 48 -1.9789717972376963
11 49 -1.9871817834144503
12 0 -1.999486216200688
12 1 -1.991276230023934
12 2 -1.9667810792397173
12 3 -1.9264029735467096
12 4 -1.8708049203240773
12 5 -1.8008998380686445
12 6 -1.7178355662984153
12 7 -1.6229760180594215
12 8 -1.517878784511213
12 9 -1.4042695593230818
12 10 -1.2840138028317205
12 11 -1.1590861112340671
12 12 -1.0315377937723431
12 13 -0.9034631902930063
12 14 -0.7769652822443734
12 15 -0.6541211617793803
12 16 -0.5369479259598526
12 17 -0.42736955607851834
12 18 -0.3271853259393712
12 19 -0.2380402578315537
12 20 -0.1613981113088474
12 21 -0.09851734829826875
12 22 -0.050430469190019256
12 23 -0.017927059209622564
12 24 -0.0015408234503515583
12 25 -0.0015408234503515583
12 26 -0.017927059209622453
12 27 -0.050430469190019145
12 28 -0.09851734829826875
12 29 -0.16139811130884718
12 30 -0.23804025783155336
12 31 -0.3271853259393709
12 32 -0.427369556078518
12 33 -0.5369479259598526
12 34 -0.6541211617793798
12 35 -0.7769652822443734
12 36 -0.9034631902930056
12 37 -1.031537793772343
12 38 -1.1590861112340665
12 39 -1.28401380283172
12 40 -1.404269559323081
12 41 -1.5178787845112125
12 42 -1.6229760180594215
12 43 -1.717835566298415
12 44 -1.8008998380686445
12 45 -1.8708049203240769
12 46 -1.9264029735467094
12 47 -1.9667810792397171
12 48 -1.991276230023934
12 49 -1.999486216200688
13 0 -1.9953791129491982
13 1 -1.9871691267724443
13 2 -1.9626739759882277
13 3 -1.92229587029522
13 4 -1.8666978170725876
13 5 -1.7967927348171546
13 6 -1.7137284630469258
13 7 -1.6188689148079316
13 8 -1.5137716812597233
13 9 -1.400162456071592
13 10 -1.2799066995802308
13 11 -1.1549790079825775
13 12 -1.0274306905208535
13 13 -0.8993560870415166
13 14 -0.7728581789928838
13 15 -0.6500140585278906
13 16 -0.532840822708363
13 17 -0.4232624528270287
13 18 -0.32307822268788156
13 19 -0.23393315458006403
13 20 -0.15729100805735774
13 21 -0.09441024504677908
13 22 -0.04632336593852959
13 23 -0.013819955958132901
13 24 0.002566279801138105
13 25 0.002566279801138105
13 26 -0.01381995595813279
13 27 -0.04632336593852948
13 28 -0.09441024504677908
13 29 -0.15729100805735752
13 30 -0.2339331545800637
13 31 -0.3230782226878812
13 32 -0.42326245282702835
13 33 -0.532840822708363
13 34 -0.6500140585278902
13 35 -0.7728581789928838
13 36 -0.8993560870415159
13 37 -1.0274306905208532
13 38 -1.1549790079825768
13 39 -1.2799066995802304
13 40 -1.4001624560715913
13 41 -1.5137716812597228
13 42 -1.6188689148079316
13 43 -1.7137284630469254
13 44 -1.7967927348171546
13 45 -1.8666978170725872
13 46 -1.92229587029522
13 47 -1.9626739759882275
13 48 -1.9871691267724443
13 49 -1.9953791129491982
14 0 -1.9749279121818235
14 1 -1.9667179260050696
14 2 -1.942222775220853
14 3 -1.9018446695278453
14 4 -1.846246616305213
14 5 -1.7763415340497801
14 6 -1.693277262279551
14 7 -1.598417714040557
14 8 -1.4933204804923488
14 9 -1.3797112553042175
14 10 -1.2594554988128561
14 11 -1.1345278072152027
14 12 -1.0069794897534787
14 13 -0.878904886274142
14 14 -0.7524069782255092
14 15 -0.629562857760516
14 16 -0.5123896219409885
14 17 -0.40281125205965407
14 18 -0.30262702192050694
14 19 -0.21348195381268942
14 20 -0.13683980728998313
14 21 -0.07395904427940447
14 22 -0.02587216517115498
14 23 0.00663124480924171
14 24 0.023017480568512716
14 25 0.023017480568512716
14 26 0.006631244809241821
14 27 -0.02587216517115487
14 28 -0.07395904427940447
14 29 -0.1368398072899829
14 30 -0.21348195381268908
14 31 -0.3026270219205066
14 32 -0.40281125205965373
14 33 -0.5123896219409885
14 34 -0.6295628577605156
14 35 -0.7524069782255092
14 36 -0.8789048862741413
14 37 -1.0069794897534785
14 38 -1.134527807215202
14 39 -1.2594554988128557
14 40 -1.3797112553042168
14 41 -1.4933204804923483
14 42 -1.598417714040557
14 43 -1.6932772622795507
14 44 -1.7763415340497801
14 45 -1.8462466163052125
14 46 -1.9018446695278453
14 47 -1.942222775220853
14 48 -1.9667179260050696
14 49 -1.9749279121818235
15 0 -1.9384684220497603
15 1 -1.9302584358730064
15 2 -1.9057632850887898
15 3 -1.865385179395782
15 4 -1.8097871261731497
15 5 -1.739882043917717
15 6 -1.656817772147488
15 7 -1.561958223908494
15 8 -1.4568609903602856
15 9 -1.3432517651721543
15 10 -1.222996008680793
15 11 -1.0980683170831396
15 12 -0.9705199996214157
15 13 -0.8424453961420788
15 14 -0.715947488093446
15 15 -0.5931033676284528
15 16 -0.47593013180892524
15 17 -0.3663517619275909
15 18 -0.26616753178844377
15 19 -0.17702246368062624
15 20 -0.10038031715791995
15 21 -0.037499554147341296
15 22 0.010587324960908195
15 23 0.04309073494130489
15 24 0.05947697070057589
15 25 0.05947697070057589
15 26 0.043090734941305
15 27 0.010587324960908306
15 28 -0.037499554147341296
15 29 -0.10038031715791973
15 30 -0.1770224636806259
15 31 -0.26616753178844343
15 32 -0.36635176192759056
15 33 -0.47593013180892524
15 34 -0.5931033676284524
15 35 -0.715947488093446
15 36 -0.8424453961420781
15 37 -0.9705199996214154
15 38 -1.098068317083139
15 39 -1.2229960086807925
15 40 -1.3432517651721536
15 41 -1.4568609903602852
15 42 -1.561958223908494
15 43 -1.6568177721474875
15 44 -1.739882043917717
15 45 -1.8097871261731493
15 46 -1.865385179395782
15 47 -1.9057632850887898
15 48 -1.9302584358730064
15 49 -1.9384684220497603
16 0 -1.8865993063730002
16 1 -1.8783893201962463
16 2 -1.8538941694120297
16 3 -1.813516063719022
16 4 -1.7579180104963896
16 5 -1.6880129282409566
16 6 -1.6049486564707276
16 7 -1.5100891082317336
16 8 -1.404991874683525
16 9 -1.291382649495394
16 10 -1.1711268930040326
16 11 -1.0461992014063792
16 12 -0.9186508839446553
16 13 -0.7905762804653185
16 14 -0.6640783724166857
16 15 -0.5412342519516925
16 16 -0.4240610161321649
16 17 -0.31448264625083056
16 18 -0.21429841611168343
16 19 -0.1251533480038659
16 20 -0.048511201481159616
16 21 0.01436956152941904
16 22 0.06245644063766853
16 23 0.09495985061806522
16 24 0.11134608637733623
16 25 0.11134608637733623
16 26 0.09495985061806533
16 27 0.06245644063766864
16 28 0.01436956152941904
16 29 -0.048511201481159394
16 30 -0.12515334800386557
16 31 -0.2142984161116831
16 32 -0.3144826462508302
16 33 -0.4240610161321649
16 34 -0.5412342519516921
16 35 -0.6640783724166857
16 36 -0.7905762804653178
16 37 -0.9186508839446551
16 38 -1.0461992014063786
16 39 -1.1711268930040322
16 40 -1.291382649495393
16 41 -1.4049918746835246
16 42 -1.5100891082317336
16 43 -1.6049486564707274
16 44 -1.6880129282409566
16 45 -1.7579180104963892
16 46 -1.8135160637190217
16 47 -1.8538941694120292
16 48 -1.8783893201962463
16 49 -1.8865993063730002
17 0 -1.8201722545969559
17 1 -1.811962268420202
17 2 -1.7874671176359853
17 3 -1.7470890119429776
17 4 -1.6914909587203453
17 5 -1.6215858764649125
17 6 -1.5385216046946835
17 7 -1.4436620564556895
17 8 -1.3385648229074811
17 9 -1.2249555977193498
17 10 -1.1046998412279885
17 11 -0.9797721496303351
17 12 -0.8522238321686112
17 13 -0.7241492286892743
17 14 -0.5976513206406415
17 15 -0.47480720017564837
17 16 -0.35763396435612077
17 17 -0.24805559447478642
17 18 -0.1478713643356393
17 19 -0.05872629622782177
17 20 0.017915850294884517
17 21 0.08079661330546317
17 22 0.12888349241371266
17 23 0.16138690239410936
17 24 0.17777313815338036
17 25 0.17777313815338036
17 26 0.16138690239410947
17 27 0.12888349241371277
17 28 0.08079661330546317
17 29 0.01791585029488474
17 30 -0.05872629622782144
17 31 -0.14787136433563897
17 32 -0.2480555944747861
17 33 -0.35763396435612077
17 34 -0.4748072001756479
17 35 -0.5976513206406415
17 36 -0.7241492286892737
17 37 -0.852223832168611
17 38 -0.9797721496303345
17 39 -1.104699841227988
17 40 -1.2249555977193491
17 41 -1.3385648229074807
17 42 -1.4436620564556895
17 43 -1.538521604694683
17 44 -1.6215858764649125
17 45 -1.6914909587203448
17 46 -1.7470890119429776
17 47 -1.7874671176359853
17 48 -1.811962268420202
17 49 -1.8201722545969559
18 0 -1.7402779970753157
18 1 -1.7320680108985618
18 2 -1.7075728601143452
18 3 -1.6671947544213375
18 4 -1.6115967011987051
18 5 -1.5416916189432723
18 6 -1.458627347173043
18 7 -1.3637677989340493
18 8 -1.2586705653858408
18 9 -1.1450613401977097
18 10 -1.0248055837063483
18 11 -0.899877892108695
18 12 -0.7723295746469709
18 13 -0.6442549711676341
18 14 -0.5177570631190013
18 15 -0.3949129426540081
18 16 -0.2777397068344805
18 17 -0.16816133695314617
18 18 -0.06797710681399904
18 19 0.021167961293818482
18 20 0.09781010781652477
18 21 0.16069087082710343
18 22 0.20877774993535292
18 23 0.2412811599157496
18 24 0.2576673956750206
18 25 0.2576673956750206
18 26 0.24128115991574972
18 27 0.20877774993535303
18 28 0.16069087082710343
18 29 0.097810107816525
18 30 0.021167961293818816
18 31 -0.06797710681399871
18 32 -0.16816133695314583
18 33 -0.2777397068344805
18 34 -0.39491294265400767
18 35 -0.5177570631190013
18 36 -0.6442549711676334
18 37 -0.7723295746469707
18 38 -0.8998778921086943
18 39 -1.024805583706348
18 40 -1.1450613401977088
18 41 -1.2586705653858403
18 42 -1.3637677989340493
18 43 -1.4586273471730429
18 44 -1.5416916189432723
18 45 -1.6115967011987047
18 46 -1.6671947544213372
18 47 -1.707572860114345
18 48 -1.7320680108985618
18 49 -1.7402779970753157
19 0 -1.6482283953077888
19 1 -1.6400184091310348
19 2 -1.6155232583468182
19 3 -1.5751451526538105
19 4 -1.5195470994311782
19 5 -1.4496420171757451
19 6 -1.3665777454055161
19 7 -1.2717181971665221
19 8 -1.1666209636183136
19 9 -1.0530117384301825
19 10 -0.9327559819388211
19 11 -0.8078282903411678
19 12 -0.6802799728794439
19 13 -0.552205369400107
19 14 -0.4257074613514742
19 15 -0.30286334088648104
19 16 -0.18569010506695344
19 17 -0.07611173518561909
19 18 0.024072494953528034
19 19 0.11321756306134556
19 20 0.18985970958405185
19 21 0.2527404725946305
19 22 0.30082735170288
19 23 0.3333307616832767
19 24 0.3497169974425477
19 25 0.3497169974425477
19 26 0.3333307616832768
19 27 0.3008273517028801
19 28 0.2527404725946305
19 29 0.18985970958405207
19 30 0.1132175630613459
19 31 0.024072494953528367
19 32 -0.07611173518561876
19 33 -0.18569010506695344
19 34 -0.3028633408864806
19 35 -0.4257074613514742
19 36 -0.5522053694001063
19 37 -0.6802799728794436
19 38 -0.8078282903411672
19 39 -0.9327559819388207
19 40 -1.0530117384301816
19 41 -1.1666209636183131
19 42 -1.2717181971665221
19 43 -1.366577745405516
19 44 -1.4496420171757451
19 45 -1.5195470994311777
19 46 -1.5751451526538103
19 47 -1.6155232583468178
19 48 -1.6400184091310348
19 49 -1.6482283953077888
20 0 -1.5455349012105488
20 1 -1.5373249150337949
20 2 -1.5128297642495783
20 3 -1.4724516585565706
20 4 -1.4168536053339382
20 5 -1.3469485230785054
20 6 -1.2638842513082764
20 7 -1.1690247030692824
20 8 -1.063927469521074
20 9 -0.9503182443329428
20 10 -0.8300624878415814
20 11 -0.705134796243928
20 12 -0.5775864787822041
20 13 -0.4495118753028673
20 14 -0.3230139672542345
20 15 -0.20016984678924132
20 16 -0.08299661096971372
20 17 0.026581758911620623
20 18 0.12676598905076775
20 19 0.21591105715858527
20 20 0.29255320368129156
20 21 0.3554339666918702
20 22 0.4035208458001197
20 23 0.4360242557805164
20 24 0.4524104915397874
20 25 0.4524104915397874
20 26 0.4360242557805165
20 27 0.4035208458001198
20 28 0.3554339666918702
20 29 0.2925532036812918
20 30 0.2159110571585856
20 31 0.12676598905076808
20 32 0.026581758911620956
20 33 -0.08299661096971372
20 34 -0.20016984678924088
20 35 -0.3230139672542345
20 36 -0.4495118753028666
20 37 -0.5775864787822039
20 38 -0.7051347962439275
20 39 -0.830062487841581
20 40 -0.950318244332942
20 41 -1.0639274695210736
20 42 -1.1690247030692824
20 43 -1.263884251308276
20 44 -1.3469485230785054
20 45 -1.4168536053339378
20 46 -1.4724516585565706
20 47 -1.5128297642495783
20 48 -1.5373249150337949
20 49 -1.5455349012105488
21 0 -1.433883739117558
21 1 -1.4256737529408041
21 2 -1.4011786021565875
21 3 -1.3608004964635798
21 4 -1.3052024432409475
21 5 -1.2352973609855147
21 6 -1.1522330892152857
21 7 -1.0573735409762917
21 8 -0.9522763074280831
21 9 -0.838667082239952
21 10 -0.7184113257485907
21 11 -0.5934836341509373
21 12 -0.46593531668921334
21 13 -0.33786071320987643
21 14 -0.21136280516124367
21 15 -0.08851868469625052
21 16 0.028654551123277083
21 17 0.13823292100461143
21 18 0.23841715114375855
21 19 0.3275622192515761
21 20 0.40420436577428237
21 21 0.467085128784861
21 22 0.5151720078931106
21 23 0.5476754178735073
21 24 0.5640616536327783
21 25 0.5640616536327783
21 26 0.5476754178735073
21 27 0.5151720078931106
21 28 0.467085128784861
21 29 0.4042043657742826
21 30 0.3275622192515764
21 31 0.2384171511437589
21 32 0.13823292100461176
21 33 0.028654551123277083
21 34 -0.08851868469625007
21 35 -0.21136280516124367
21 36 -0.33786071320987576
21 37 -0.4659353166892131
21 38 -0.5934836341509366
21 39 -0.7184113257485902
21 40 -0.8386670822399511
21 41 -0.9522763074280827
21 42 -1.0573735409762917
21 43 -1.1522330892152852
21 44 -1.2352973609855147
21 45 -1.305202443240947
21 46 -1.3608004964635798
21 47 -1.4011786021565873
21 48 -1.4256737529408041
21 49 -1.433883739117558
22 0 -1.3151082180236207
22 1 -1.3068982318468667
22 2 -1.28240308106265
22 3 -1.2420249753696424
22 4 -1.18642692214701
22 5 -1.1165218398915773
22 6 -1.0334575681213483
22 7 -0.9385980198823543
22 8 -0.8335007863341457
22 9 -0.7198915611460146
22 10 -0.5996358046546533
22 11 -0.4747081130569999
22 12 -0.34715979559527593
22 13 -0.21908519211593905
22 14 -0.09258728406730626
22 15 0.030256836397686893
22 16 0.1474300722172145
22 17 0.25700844209854884
22 18 0.35719267223769596
22 19 0.4463377403455135
22 20 0.5229798868682198
22 21 0.5858606498787984
22 22 0.633947528987048
22 23 0.6664509389674447
22 24 0.6828371747267157
22 25 0.6828371747267157
22 26 0.6664509389674447
22 27 0.633947528987048
22 28 0.5858606498787984
22 29 0.5229798868682201
22 30 0.4463377403455138
22 31 0.3571926722376963
22 32 0.2570084420985492
22 33 0.1474300722172145
22 34 0.030256836397687337
22 35 -0.09258728406730626
22 36 -0.21908519211593838
22 37 -0.3471597955952757
22 38 -0.4747081130569992
22 39 -0.5996358046546528
22 40 -0.7198915611460137
22 41 -0.8335007863341453
22 42 -0.9385980198823543
22 43 -1.0334575681213478
22 44 -1.1165218398915773
22 45 -1.1864269221470096
22 46 -1.2420249753696424
22 47 -1.2824030810626499
22 48 -1.3068982318468667
22 49 -1.3151082180236207
23 0 -1.1911586287013725
23 1 -1.1829486425246185
23 2 -1.158453491740402
23 3 -1.1180753860473942
23 4 -1.0624773328247619
23 5 -0.992572250569329
23 6 -0.9095079787991
23 7 -0.8146484305601059
23 8 -0.7095511970118975
23 9 -0.5959419718237663
23 10 -0.47568621533240496
23 11 -0.3507585237347516
23 12 -0.22321020627302762
23 13 -0.09513560279369077
23 14 0.03136230525494202
23 15 0.15420642571993518
23 16 0.2713796615394628
23 17 0.3809580314207971
23 18 0.4811422615599442
23 19 0.5702873296677617
23 20 0.646929476190468
23 21 0.7098102392010467
23 22 0.7578971183092962
23 23 0.7904005282896929
23 24 0.8067867640489639
23 25 0.8067867640489639
23 26 0.790400528289693
23 27 0.7578971183092963
23 28 0.7098102392010467
23 29 0.6469294761904683
23 30 0.5702873296677621
23 31 0.48114226155994455
23 32 0.3809580314207974
23 33 0.2713796615394628
23 34 0.15420642571993562
23 35 0.03136230525494202
23 36 -0.0951356027936901
23 37 -0.2232102062730274
23 38 -0.35075852373475097
23 39 -0.4756862153324045
23 40 -0.5959419718237655
23 41 -0.7095511970118971
23 42 -0.8146484305601059
23 43 -0.9095079787990996
23 44 -0.992572250569329
23 45 -1.0624773328247614
23 46 -1.118075386047394
23 47 -1.1584534917404017
23 48 -1.1829486425246185
23 49 -1.1911586287013725
24 0 -1.064070219980713
24 1 -1.055860233803959
24 2 -1.0313650830197425
24 3 -0.9909869773267348
24 4 -0.9353889241041025
24 5 -0.8654838418486697
24 6 -0.7824195700784407
24 7 -0.6875600218394466
24 8 -0.5824627882912381
24 9 -0.46885356310310694
24 10 -0.34859780661174566
24 11 -0.22367011501409229
24 12 -0.09612179755236831
24 13 0.03195280592696856
24 14 0.15845071397560134
24 15 0.2812948344405945
24 16 0.3984680702601221
24 17 0.5080464401414564
24 18 0.6082306702806035
24 19 0.6973757383884212
24 20 0.7740178849111274
24 21 0.836898647921706
24 22 0.8849855270299556
24 23 0.9174889370103523
24 24 0.9338751727696233
24 25 0.9338751727696233
24 26 0.9174889370103523
24 27 0.8849855270299556
24 28 0.836898647921706
24 29 0.7740178849111277
24 30 0.6973757383884214
24 31 0.608230670280604
24 32 0.5080464401414568
24 33 0.3984680702601221
24 34 0.28129483444059494
24 35 0.15845071397560134
24 36 0.031952805926969224
24 37 -0.09612179755236809
24 38 -0.22367011501409165
24 39 -0.3485978066117452
24 40 -0.46885356310310616
24 41 -0.5824627882912377
24 42 -0.6875600218394466
24 43 -0.7824195700784402
24 44 -0.8654838418486697
24 45 -0.935388924104102
24 46 -0.9909869773267348
24 47 -1.0313650830197423
24 48 -1.055860233803959
24 49 -1.064070219980713
25 0 -0.9359297800192874
25 1 -0.9277197938425334
25 2 -0.9032246430583168
25 3 -0.8628465373653091
25 4 -0.8072484841426768
25 5 -0.7373434018872438
25 6 -0.6542791301170148
25 7 -0.5594195818780208
25 8 -0.4543223483298124
25 9 -0.3407131231416812
25 10 -0.2204573666503199
25 11 -0.09552967505266652
25 12 0.032018642409057455
25 13 0.16009324588839433
25 14 0.2865911539370271
25 15 0.40943527440202027
25 16 0.5266085102215479
25 17 0.6361868801028823
25 18 0.7363711102420294
25 19 0.8255161783498468
25 20 0.9021583248725531
25 21 0.9650390878831319
25 22 1.0131259669913812
25 23 1.045629376971778
25 24 1.062015612731049
25 25 1.062015612731049
25 26 1.0456293769717782
25 27 1.0131259669913815
25 28 0.9650390878831319
25 29 0.9021583248725533
25 30 0.8255161783498473
25 31 0.7363711102420296
25 32 0.6361868801028825
25 33 0.5266085102215479
25 34 0.4094352744020207
25 35 0.2865911539370271
25 36 0.160093245888395
25 37 0.03201864240905768
25 38 -0.09552967505266588
25 39 -0.22045736665031945
25 40 -0.3407131231416804
25 41 -0.45432234832981194
25 42 -0.5594195818780208
25 43 -0.6542791301170146
25 44 -0.7373434018872438
25 45 -0.8072484841426764
25 46 -0.8628465373653089
25 47 -0.9032246430583166
25 48 -0.9277197938425334
25 49 -0.9359297800192874
26 0 -0.808841371298628
26 1 -0.800631385121874
26 2 -0.7761362343376574
26 3 -0.7357581286446497
26 4 -0.6801600754220174
26 5 -0.6102549931665845
26 6 -0.5271907213963555
26 7 -0.43233117315736147
26 8 -0.32723393960915304
26 9 -0.21362471442102185
26 10 -0.09336895792966057
26 11 0.031558733667992805
26 12 0.1591070511297168
26 13 0.28718165460905365
26 14 0.41367956265768646
26 15 0.5365236831226796
26 16 0.6536969189422072
26 17 0.7632752888235416
26 18 0.8634595189626887
26 19 0.9526045870705062
26 20 1.0292467335932125
26 21 1.092127496603791
26 22 1.1402143757120407
26 23 1.1727177856924373
26 24 1.1891040214517083
26 25 1.1891040214517083
26 26 1.1727177856924373
26 27 1.1402143757120407
26 28 1.092127496603791
26 29 1.0292467335932127
26 30 0.9526045870705065
26 31 0.863459518962689
26 32 0.7632752888235419
26 33 0.6536969189422072
26 34 0.5365236831226801
26 35 0.41367956265768646
26 36 0.2871816546090543
26 37 0.15910705112971701
26 38 0.031558733667993444
26 39 -0.09336895792966013
26 40 -0.21362471442102107
26 41 -0.3272339396091526
26 42 -0.43233117315736147
26 43 -0.5271907213963551
26 44 -0.6102549931665845
26 45 -0.680160075422017
26 46 -0.7357581286446496
26 47 -0.7761362343376572
26 48 -0.800631385121874
26 49 -0.808841371298628
27 0 -0.6848917819763797
27 1 -0.6766817957996257
27 2 -0.6521866450154091
27 3 -0.6118085393224014
27 4 -0.5562104860997691
27 5 -0.4863054038443362
27 6 -0.40324113207410717
27 7 -0.30838158383511316
27 8 -0.20328435028690472
27 9 -0.08967512509877351
27 10 0.030580631392587765
27 11 0.15550832299024114
27 12 0.2830566404519651
27 13 0.41113124393130196
27 14 0.5376291519799348
27 15 0.6604732724449279
27 16 0.7776465082644555
27 17 0.8872248781457899
27 18 0.987409108284937
27 19 1.0765541763927544
27 20 1.153196322915461
27 21 1.2160770859260395
27 22 1.2641639650342889
27 23 1.2966673750146858
27 24 1.3130536107739568
27 25 1.3130536107739568
27 26 1.2966673750146858
27 27 1.264163965034289
27 28 1.2160770859260395
27 29 1.153196322915461
27 30 1.0765541763927549
27 31 0.9874091082849373
27 32 0.8872248781457902
27 33 0.7776465082644555
27 34 0.6604732724449284
27 35 0.5376291519799348
27 36 0.4111312439313026
27 37 0.2830566404519653
27 38 0.15550832299024178
27 39 0.03058063139258821
27 40 -0.08967512509877273
27 41 -0.20328435028690428
27 42 -0.30838158383511316
27 43 -0.40324113207410683
27 44 -0.4863054038443362
27 45 -0.5562104860997686
27 46 -0.6118085393224013
27 47 -0.6521866450154089
27 48 -0.6766817957996257
27 49 -0.6848917819763797
28 0 -0.5661162608824419
28 1 -0.557906274705688
28 2 -0.5334111239214714
28 3 -0.4930330182284636
28 4 -0.4374349650058313
28 5 -0.3675298827503984
28 6 -0.28446561098016937
28 7 -0.18960606274117536
28 8 -0.08450882919296693
28 9 0.029100395995164285
28 10 0.14935615248652556
28 11 0.27428384408417894
28 12 0.4018321615459029
28 13 0.5299067650252398
28 14 0.6564046730738726
28 15 0.7792487935388657
28 16 0.8964220293583933
28 17 1.0060003992397277
28 18 1.1061846293788749
28 19 1.1953296974866923
28 20 1.2719718440093986
28 21 1.3348526070199773
28 22 1.3829394861282267
28 23 1.4154428961086234
28 24 1.4318291318678944
28 25 1.4318291318678944
28 26 1.4154428961086236
28 27 1.382939486128227
28 28 1.3348526070199773
28 29 1.2719718440093988
28 30 1.1953296974866927
28 31 1.106184629378875
28 32 1.006000399239728
28 33 0.8964220293583933
28 34 0.7792487935388661
28 35 0.6564046730738726
28 36 0.5299067650252405
28 37 0.4018321615459031
28 38 0.2742838440841796
28 39 0.149356152486526
28 40 0.029100395995165063
28 41 -0.08450882919296648
28 42 -0.18960606274117536
28 43 -0.28446561098016904
28 44 -0.3675298827503984
28 45 -0.43743496500583084
28 46 -0.4930330182284635
28 47 -0.5334111239214712
28 48 -0.557906274705688
28 49 -0.5661162608824419
29 0 -0.4544650987894514
29 1 -0.44625511261269746
29 2 -0.42175996182848086
29 3 -0.38138185613547315
29 4 -0.3257838029128408
29 5 -0.2558787206574079
29 6 -0.1728144488871789
29 7 -0.07795490064818489
29 8 0.027142332900023547
29 9 0.14075155808815476
29 10 0.26100731457951604
29 11 0.3859350061771694
29 12 0.5134833236388934
29 13 0.6415579271182302
29 14 0.768055835166863
29 15 0.8908999556318562
29 16 1.0080731914513839
29 17 1.117651561332718
29 18 1.2178357914718654
29 19 1.3069808595796828
29 20 1.383623006102389
29 21 1.4465037691129679
29 22 1.4945906482212172
29 23 1.527094058201614
29 24 1.543480293960885
29 25 1.543480293960885
29 26 1.5270940582016141
29 27 1.4945906482212172
29 28 1.4465037691129679
29 29 1.3836230061023893
29 30 1.3069808595796832
29 31 1.2178357914718656
29 32 1.1176515613327185
29 33 1.0080731914513839
29 34 0.8908999556318566
29 35 0.768055835166863
29 36 0.6415579271182309
29 37 0.5134833236388936
29 38 0.38593500617717
29 39 0.2610073145795165
29 40 0.14075155808815554
29 41 0.02714233290002399
29 42 -0.07795490064818489
29 43 -0.17281444888717856
29 44 -0.2558787206574079
29 45 -0.32578380291284037
29 46 -0.38138185613547304
29 47 -0.42175996182848063
29 48 -0.44625511261269746
29 49 -0.4544650987894514
30 0 -0.3517716046922117
30 1 -0.34356161851545775
30 2 -0.31906646773124114
30 3 -0.27868836203823344
30 4 -0.2230903088156011
30 5 -0.1531852265601682
30 6 -0.07012095478993918
30 7 0.024738593449054824
30 8 0.12983582699726326
30 9 0.24344505218539447
30 10 0.36370080867675575
30 11 0.4886285002744091
30 12 0.6161768177361331
30 13 0.7442514212154699
30 14 0.8707493292641028
30 15 0.9935934497290959
30 16 1.1107666855486236
30 17 1.220345055429958
30 18 1.3205292855691049
30 19 1.4096743536769225
30 20 1.4863165001996288
30 21 1.5491972632102073
30 22 1.597284142318457
30 23 1.6297875522988536
30 24 1.6461737880581246
30 25 1.6461737880581246
30 26 1.6297875522988536
30 27 1.5972841423184572
30 28 1.5491972632102073
30 29 1.486316500199629
30 30 1.4096743536769227
30 31 1.3205292855691053
30 32 1.2203450554299582
30 33 1.1107666855486236
30 34 0.9935934497290964
30 35 0.8707493292641028
30 36 0.7442514212154706
30 37 0.6161768177361333
30 38 0.48862850027440974
30 39 0.3637008086767562
30 40 0.24344505218539525
30 41 0.1298358269972637
30 42 0.024738593449054824
30 43 -0.07012095478993885
30 44 -0.1531852265601682
30 45 -0.22309030881560066
30 46 -0.27868836203823333
30 47 -0.3190664677312409
30 48 -0.34356161851545775
30 49 -0.3517716046922117
31 0 -0.2597220029246846
31 1 -0.25151201674793067
31 2 -0.22701686596371407
31 3 -0.18663876027070636
31 4 -0.13104070704807402
31 5 -0.06113562479264112
31 6 0.021928646977587896
31 7 0.1167881952165819
31 8 0.22188542876479034
31 9 0.33549465395292155
31 10 0.4557504104442828
31 11 0.5806781020419363
31 12 0.7082264195036602
31 13 0.836301022982997
31 14 0.9627989310316298
31 15 1.085643051496623
31 16 1.2028162873161505
31 17 1.312394657197485
31 18 1.412578887336632
31 19 1.5017239554444495
31 20 1.578366101967156
31 21 1.6412468649777345
31 22 1.689333744085984
31 23 1.7218371540663808
31 24 1.7382233898256518
31 25 1.7382233898256518
31 26 1.7218371540663808
31 27 1.6893337440859841
31 28 1.6412468649777345
31 29 1.578366101967156
31 30 1.50172395544445
31 31 1.4125788873366325
31 32 1.3123946571974852
31 33 1.2028162873161505
31 34 1.0856430514966235
31 35 0.9627989310316298
31 36 0.8363010229829977
31 37 0.7082264195036604
31 38 0.5806781020419368
31 39 0.45575041044428327
31 40 0.33549465395292233
31 41 0.22188542876479078
31 42 0.1167881952165819
31 43 0.02192864697758823
31 44 -0.06113562479264112
31 45 -0.13104070704807358
31 46 -0.18663876027070625
31 47 -0.22701686596371384
31 48 -0.25151201674793067
31 49 -0.2597220029246846
32 0 -0.17982774540304425
32 1 -0.1716177592262903
32 2 -0.1471226084420737
32 3 -0.106744502749066
32 4 -0.05114644952643366
32 5 0.018758632728999247
32 6 0.10182290449922826
32 7 0.19668245273822227
32 8 0.3017796862864307
32 9 0.4153889114745619
32 10 0.5356446679659232
32 11 0.6605723595635766
32 12 0.7881206770253005
32 13 0.9161952805046374
32 14 1.0426931885532702
32 15 1.1655373090182635
32 16 1.282710544837791
32 17 1.3922889147191253
32 18 1.4924731448582724
32 19 1.5816182129660898
32 20 1.6582603594887964
32 21 1.721141122499375
32 22 1.7692280016076243
32 23 1.8017314115880212
32 24 1.8181176473472922
32 25 1.8181176473472922
32 26 1.8017314115880212
32 27 1.7692280016076245
32 28 1.721141122499375
32 29 1.6582603594887964
32 30 1.5816182129660903
32 31 1.4924731448582729
32 32 1.3922889147191255
32 33 1.282710544837791
32 34 1.165537309018264
32 35 1.0426931885532702
32 36 0.916195280504638
32 37 0.7881206770253008
32 38 0.6605723595635772
32 39 0.5356446679659237
32 40 0.4153889114745627
32 41 0.30177968628643115
32 42 0.19668245273822227
32 43 0.1018229044992286
32 44 0.018758632728999247
32 45 -0.05114644952643321
32 46 -0.10674450274906588
32 47 -0.14712260844207348
32 48 -0.1716177592262903
32 49 -0.17982774540304425
33 0 -0.1134006936269999
33 1 -0.10519070745024595
33 2 -0.08069555666602934
33 3 -0.04031745097302164
33 4 0.015280602249610697
33 5 0.0851856845050436
33 6 0.16824995627527262
33 7 0.2631095045142666
33 8 0.36820673806247506
33 9 0.48181596325060627
33 10 0.6020717197419676
33 11 0.726999411339621
33 12 0.8545477288013449
33 13 0.9826223322806817
33 14 1.1091202403293146
33 15 1.2319643607943078
33 16 1.3491375966138353
33 17 1.4587159664951697
33 18 1.5589001966343168
33 19 1.6480452647421342
33 20 1.7246874112648407
33 21 1.7875681742754193
33 22 1.8356550533836686
33 23 1.8681584633640655
33 24 1.8845446991233366
33 25 1.8845446991233366
33 26 1.8681584633640655
33 27 1.8356550533836689
33 28 1.7875681742754193
33 29 1.7246874112648407
33 30 1.6480452647421346
33 31 1.5589001966343172
33 32 1.4587159664951699
33 33 1.3491375966138353
33 34 1.2319643607943083
33 35 1.1091202403293146
33 36 0.9826223322806824
33 37 0.8545477288013451
33 38 0.7269994113396215
33 39 0.602071719741968
33 40 0.48181596325060705
33 41 0.3682067380624755
33 42 0.2631095045142666
33 43 0.16824995627527295
33 44 0.0851856845050436
33 45 0.015280602249611142
33 46 -0.04031745097302153
33 47 -0.08069555666602912
33 48 -0.10519070745024595
33 49 -0.1134006936269999
34 0 -0.06153157795023978
34 1 -0.05332159177348583
34 2 -0.02882644098926923
34 3 0.011551664703738473
34 4 0.06714971792637081
34 5 0.13705480018180372
34 6 0.22011907195203273
34 7 0.31497862019102674
34 8 0.42007585373923517
34 9 0.5336850789273664
34 10 0.6539408354187277
34 11 0.7788685270163811
34 12 0.906416844478105
34 13 1.0344914479574419
34 14 1.1609893560060747
34 15 1.283833476471068
34 16 1.4010067122905954
34 17 1.5105850821719298
34 18 1.610769312311077
34 19 1.6999143804188943
34 20 1.7765565269416008
34 21 1.8394372899521794
34 22 1.8875241690604287
34 23 1.9200275790408257
34 24 1.9364138148000967
34 25 1.9364138148000967
34 26 1.9200275790408257
34 27 1.887524169060429
34 28 1.8394372899521794
34 29 1.7765565269416008
34 30 1.6999143804188948
34 31 1.6107693123110773
34 32 1.51058508217193
34 33 1.4010067122905954
34 34 1.2838334764710684
34 35 1.1609893560060747
34 36 1.0344914479574425
34 37 0.9064168444781052
34 38 0.7788685270163817
34 39 0.6539408354187282
34 40 0.5336850789273672
34 41 0.4200758537392356
34 42 0.31497862019102674
34 43 0.22011907195203306
34 44 0.13705480018180372
34 45 0.06714971792637126
34 46 0.011551664703738584
34 47 -0.02882644098926901
34 48 -0.05332159177348583
34 49 -0.06153157795023978
35 0 -0.02507208781817638
35 1 -0.016862101641422433
35 2 0.007633049142794168
35 3 0.04801115483580187
35 4 0.10360920805843421
35 5 0.17351429031386711
35 6 0.25657856208409613
35 7 0.35143811032309014
35 8 0.45653534387129857
35 9 0.5701445690594298
35 10 0.6904003255507911
35 11 0.8153280171484445
35 12 0.9428763346101684
35 13 1.0709509380895053
35 14 1.197448846138138
35 15 1.3202929666031311
35 16 1.4374662024226588
35 17 1.5470445723039932
35 18 1.6472288024431403
35 19 1.736373870550958
35 20 1.813016017073664
35 21 1.8758967800842428
35 22 1.9239836591924924
35 23 1.9564870691728888
35 24 1.9728733049321598
35 25 1.9728733049321598
35 26 1.956487069172889
35 27 1.9239836591924924
35 28 1.8758967800842428
35 29 1.8130160170736644
35 30 1.7363738705509582
35 31 1.6472288024431405
35 32 1.5470445723039936
35 33 1.4374662024226588
35 34 1.3202929666031316
35 35 1.197448846138138
35 36 1.070950938089506
35 37 0.9428763346101686
35 38 0.815328017148445
35 39 0.6904003255507916
35 40 0.5701445690594306
35 41 0.456535343871299
35 42 0.35143811032309014
35 43 0.25657856208409646
35 44 0.17351429031386711
35 45 0.10360920805843465
35 46 0.048011154835801984
35 47 0.00763304914279439
35 48 -0.016862101641422433
35 49 -0.02507208781817638
36 0 -0.004620887050801881
36 1 0.0035890991259520666
36 2 0.028084249910168668
36 3 0.06846235560317637
36 4 0.12406040882580871
36 5 0.19396549108124161
36 6 0.27702976285147063
36 7 0.37188931109046464
36 8 0.47698654463867307
36 9 0.5905957698268043
36 10 0.7108515263181656
36 11 0.835779217915819
36 12 0.9633275353775429
36 13 1.0914021388568798
36 14 1.2179000469055126
36 15 1.3407441673705058
36 16 1.4579174031900333
36 17 1.5674957730713677
36 18 1.6676800032105148
36 19 1.7568250713183322
36 20 1.8334672178410387
36 21 1.8963479808516173
36 22 1.9444348599598666
36 23 1.9769382699402636
36 24 1.9933245056995346
36 25 1.9933245056995346
36 26 1.9769382699402636
36 27 1.9444348599598669
36 28 1.8963479808516173
36 29 1.8334672178410387
36 30 1.7568250713183327
36 31 1.6676800032105152
36 32 1.567495773071368
36 33 1.4579174031900333
36 34 1.3407441673705063
36 35 1.2179000469055126
36 36 1.0914021388568804
36 37 0.9633275353775431
36 38 0.8357792179158196
36 39 0.7108515263181661
36 40 0.5905957698268051
36 41 0.4769865446386735
36 42 0.37188931109046464
36 43 0.27702976285147096
36 44 0.19396549108124161
36 45 0.12406040882580915
36 46 0.06846235560317648
36 47 0.02808424991016889
36 48 0.0035890991259520666
36 49 -0.004620887050801881
37 0 -0.0005137837993121064
37 1 0.007696202377441841
37 2 0.03219135316165844
37 3 0.07256945885466615
37 4 0.12816751207729848
37 5 0.1980725943327314
37 6 0.2811368661029604
37 7 0.3759964143419544
37 8 0.48109364789016285
37 9 0.5947028730782941
37 10 0.7149586295696553
37 11 0.8398863211673087
37 12 0.9674346386290327
37 13 1.0955092421083696
37 14 1.2220071501570025
37 15 1.3448512706219955
37 16 1.4620245064415232
37 17 1.5716028763228573
37 18 1.6717871064620047
37 19 1.760932174569822
37 20 1.8375743210925284
37 21 1.9004550841031072
37 22 1.9485419632113565
37 23 1.9810453731917532
37 24 1.9974316089510242
37 25 1.9974316089510242
37 26 1.9810453731917534
37 27 1.9485419632113565
37 28 1.9004550841031072
37 29 1.8375743210925286
37 30 1.7609321745698225
37 31 1.671787106462005
37 32 1.5716028763228578
37 33 1.4620245064415232
37 34 1.344851270621996
37 35 1.2220071501570025
37 36 1.0955092421083703
37 37 0.9674346386290329
37 38 0.8398863211673093
37 39 0.7149586295696557
37 40 0.5947028730782948
37 41 0.4810936478901633
37 42 0.3759964143419544
37 43 0.28113686610296074
37 44 0.1980725943327314
37 45 0.12816751207729893
37 46 0.07256945885466626
37 47 0.032191353161658665
37 48 0.007696202377441841
37 49 -0.0005137837993121064
38 0 -0.012818216585549713
38 1 -0.004608230408795766
38 2 0.019886920375420836
38 3 0.06026502606842854
38 4 0.11586307929106088
38 5 0.18576816154649378
38 6 0.2688324333167228
38 7 0.3636919815557168
38 8 0.46878921510392524
38 9 0.5823984402920565
38 10 0.7026541967834177
38 11 0.827581888381071
38 12 0.9551302058427951
38 13 1.083204809322132
38 14 1.2097027173707646
38 15 1.332546837835758
38 16 1.4497200736552855
38 17 1.55929844353662
38 18 1.6594826736757669
38 19 1.7486277417835845
38 20 1.8252698883062908
38 21 1.8881506513168693
38 22 1.936237530425119
38 23 1.9687409404055156
38 24 1.9851271761647866
38 25 1.9851271761647866
38 26 1.9687409404055156
38 27 1.9362375304251191
38 28 1.8881506513168693
38 29 1.825269888306291
38 30 1.7486277417835847
38 31 1.6594826736757673
38 32 1.5592984435366202
38 33 1.4497200736552855
38 34 1.3325468378357583
38 35 1.2097027173707646
38 36 1.0832048093221327
38 37 0.9551302058427953
38 38 0.8275818883810717
38 39 0.7026541967834181
38 40 0.5823984402920572
38 41 0.4687892151039257
38 42 0.3636919815557168
38 43 0.26883243331672313
38 44 0.18576816154649378
38 45 0.11586307929106132
38 46 0.06026502606842865
38 47 0.019886920375421058
38 48 -0.004608230408795766
38 49 -0.012818216585549713
39 0 -0.04133214696333931
39 1 -0.033122160786585364
39 2 -0.008627010002368762
39 3 0.03175109569063894
39 4 0.08734914891327128
39 5 0.15725423116870418
39 6 0.2403185029389332
39 7 0.3351780511779272
39 8 0.44027528472613564
39 9 0.5538845099142669
39 10 0.6741402664056282
39 11 0.7990679580032816
39 12 0.9266162754650055
39 13 1.0546908789443423
39 14 1.1811887869929751
39 15 1.3040329074579682
39 16 1.4212061432774958
39 17 1.5307845131588302
39 18 1.6309687432979774
39 19 1.720113811405795
39 20 1.796755957928501
39 21 1.8596367209390798
39 22 1.9077236000473294
39 23 1.940227010027726
39 24 1.956613245786997
39 25 1.956613245786997
39 26 1.9402270100277261
39 27 1.9077236000473294
39 28 1.8596367209390798
39 29 1.7967559579285015
39 30 1.7201138114057952
39 31 1.6309687432979776
39 32 1.5307845131588307
39 33 1.4212061432774958
39 34 1.3040329074579686
39 35 1.1811887869929751
39 36 1.054690878944343
39 37 0.9266162754650057
39 38 0.7990679580032821
39 39 0.6741402664056286
39 40 0.5538845099142676
39 41 0.4402752847261361
39 42 0.3351780511779272
39 43 0.24031850293893353
39 44 0.15725423116870418
39 45 0.08734914891327172
39 46 0.03175109569063905
39 47 -0.00862701000236854
39 48 -0.033122160786585364
39 49 -0.04133214696333931
40 0 -0.08558737698418717
40 1 -0.07737739080743322
40 2 -0.05288224002321662
40 3 -0.012504134330208916
40 4 0.04309391889242342
40 5 0.11299900114785633
40 6 0.19606327291808534
40 7 0.29092282115707935
40 8 0.3960200547052878
40 9 0.509629279893419
40 10 0.6298850363847803
40 11 0.7548127279824337
40 12 0.8823610454441576
40 13 1.0104356489234945
40 14 1.1369335569721273
40 15 1.2597776774371203
40 16 1.376950913256648
40 17 1.4865292831379824
40 18 1.5867135132771295
40 19 1.6758585813849471
40 20 1.7525007279076532
40 21 1.815381490918232
40 22 1.8634683700264816
40 23 1.895971780006878
40 24 1.912358015766149
40 25 1.912358015766149
40 26 1.8959717800068783
40 27 1.8634683700264816
40 28 1.815381490918232
40 29 1.7525007279076537
40 30 1.6758585813849474
40 31 1.5867135132771297
40 32 1.4865292831379828
40 33 1.376950913256648
40 34 1.2597776774371208
40 35 1.1369335569721273
40 36 1.0104356489234951
40 37 0.8823610454441578
40 38 0.7548127279824343
40 39 0.6298850363847808
40 40 0.5096292798934198
40 41 0.3960200547052882
40 42 0.29092282115707935
40 43 0.19606327291808567
40 44 0.11299900114785633
40 45 0.043093918892423866
40 46 -0.012504134330208805
40 47 -0.0528822400232164
40 48 -0.07737739080743322
40 49 -0.08558737698418717
41 0 -0.14485723699465358
41 1 -0.13664725081789963
41 2 -0.11215210003368303
41 3 -0.07177399434067533
41 4 -0.01617594111804299
41 5 0.05372914113738991
41 6 0.13679341290761893
41 7 0.23165296114661293
41 8 0.33675019469482137
41 9 0.4503594198829526
41 10 0.5706151763743139
41 11 0.6955428679719673
41 12 0.8230911854336912
41 13 0.951165788913028
41 14 1.0776636969616609
41 15 1.200507817426654
41 16 1.3176810532461816
41 17 1.427259423127516
41 18 1.527443653266663
41 19 1.6165887213744807
41 20 1.6932308678971868
41 21 1.7561116309077656
41 22 1.8041985100160152
41 23 1.8367019199964116
41 24 1.8530881557556826
41 25 1.8530881557556826
41 26 1.8367019199964119
41 27 1.8041985100160152
41 28 1.7561116309077656
41 29 1.6932308678971872
41 30 1.616588721374481
41 31 1.5274436532666633
41 32 1.4272594231275164
41 33 1.3176810532461816
41 34 1.2005078174266544
41 35 1.0776636969616609
41 36 0.9511657889130287
41 37 0.8230911854336914
41 38 0.6955428679719678
41 39 0.5706151763743144
41 40 0.45035941988295336
41 41 0.3367501946948218
41 42 0.23165296114661293
41 43 0.13679341290761926
41 44 0.05372914113738991
41 45 -0.016175941118042547
41 46 -0.07177399434067522
41 47 -0.11215210003368281
41 48 -0.13664725081789963
41 49 -0.14485723699465358
42 0 -0.21816851753197009
42 1 -0.20995853135521614
42 2 -0.18546338057099954
42 3 -0.14508527487799183
42 4 -0.0894872216553595
42 5 -0.01958213939992659
42 6 0.06348213237030242
42 7 0.15834168060929643
42 8 0.26343891415750487
42 9 0.3770481393456361
42 10 0.49730389583699736
42 11 0.6222315874346507
42 12 0.7497799048963747
42 13 0.8778545083757116
42 14 1.0043524164243443
42 15 1.1271965368893375
42 16 1.2443697727088652
42 17 1.3539481425901996
42 18 1.4541323727293465
42 19 1.5432774408371641
42 20 1.6199195873598704
42 21 1.682800350370449
42 22 1.7308872294786986
42 23 1.7633906394590952
42 24 1.7797768752183662
42 25 1.7797768752183662
42 26 1.7633906394590952
42 27 1.7308872294786988
42 28 1.682800350370449
42 29 1.6199195873598706
42 30 1.5432774408371643
42 31 1.454132372729347
42 32 1.3539481425901998
42 33 1.2443697727088652
42 34 1.127196536889338
42 35 1.0043524164243443
42 36 0.8778545083757122
42 37 0.7497799048963749
42 38 0.6222315874346513
42 39 0.4973038958369978
42 40 0.37704813934563686
42 41 0.2634389141575053
42 42 0.15834168060929643
42 43 0.06348213237030276
42 44 -0.01958213939992659
42 45 -0.08948722165535905
42 46 -0.14508527487799172
42 47 -0.18546338057099931
42 48 -0.20995853135521614
42 49 -0.21816851753197009
43 0 -0.3043174493965132
43 1 -0.2961074632197592
43 2 -0.2716123124355426
43 3 -0.23123420674253492
43 4 -0.17563615351990258
43 5 -0.10573107126446968
43 6 -0.022666799494240664
43 7 0.07219274874475334
43 8 0.17728998229296178
43 9 0.290899207481093
43 10 0.41115496397245427
43 11 0.5360826555701077
43 12 0.6636309730318316
43 13 0.7917055765111685
43 14 0.9182034845598013
43 15 1.0410476050247945
43 16 1.158220840844322
43 17 1.2677992107256564
43 18 1.3679834408648035
43 19 1.457128508972621
43 20 1.5337706554953274
43 21 1.596651418505906
43 22 1.6447382976141554
43 23 1.6772417075945523
43 24 1.6936279433538233
43 25 1.6936279433538233
43 26 1.6772417075945523
43 27 1.6447382976141556
43 28 1.596651418505906
43 29 1.5337706554953274
43 30 1.4571285089726214
43 31 1.367983440864804
43 32 1.2677992107256566
43 33 1.158220840844322
43 34 1.041047605024795
43 35 0.9182034845598013
43 36 0.7917055765111691
43 37 0.6636309730318318
43 38 0.5360826555701083
43 39 0.4111549639724547
43 40 0.29089920748109377
43 41 0.17728998229296222
43 42 0.07219274874475334
43 43 -0.02266679949424033
43 44 -0.10573107126446968
43 45 -0.17563615351990214
43 46 -0.2312342067425348
43 47 -0.2716123124355424
43 48 -0.2961074632197592
43 49 -0.3043174493965132
44 0 -0.4018894695087839
44 1 -0.39367948333202996
44 2 -0.36918433254781335
44 3 -0.32880622685480565
44 4 -0.2732081736321733
44 5 -0.2033030913767404
44 6 -0.1202388196065114
44 7 -0.025379271367517386
44 8 0.07971796218069105
44 9 0.19332718736882226
44 10 0.31358294386018354
44 11 0.4385106354578369
44 12 0.5660589529195609
44 13 0.6941335563988977
44 14 0.8206314644475305
44 15 0.9434755849125237
44 16 1.0606488207320512
44 17 1.1702271906133856
44 18 1.2704114207525328
44 19 1.3595564888603504
44 20 1.4361986353830565
44 21 1.4990793983936352
44 22 1.5471662775018848
44 23 1.5796696874822813
44 24 1.5960559232415523
44 25 1.5960559232415523
44 26 1.5796696874822815
44 27 1.5471662775018848
44 28 1.4990793983936352
44 29 1.436198635383057
44 30 1.3595564888603506
44 31 1.270411420752533
44 32 1.170227190613386
44 33 1.0606488207320512
44 34 0.9434755849125241
44 35 0.8206314644475305
44 36 0.6941335563988984
44 37 0.5660589529195611
44 38 0.4385106354578375
44 39 0.313582943860184
44 40 0.19332718736882304
44 41 0.07971796218069149
44 42 -0.025379271367517386
44 43 -0.12023881960651106
44 44 -0.2033030913767404
44 45 -0.27320817363217287
44 46 -0.32880622685480554
44 47 -0.36918433254781313
44 48 -0.39367948333202996
44 49 -0.4018894695087839
45 0 -0.5092824479960615
45 1 -0.5010724618193075
45 2 -0.47657731103509093
45 3 -0.43619920534208323
45 4 -0.3806011521194509
45 5 -0.310696069864018
45 6 -0.22763179809378897
45 7 -0.13277224985479497
45 8 -0.02767501630658653
45 9 0.08593420888154468
45 10 0.20618996537290596
45 11 0.33111765697055934
45 12 0.4586659744322833
45 13 0.5867405779116202
45 14 0.713238485960253
45 15 0.8360826064252461
45 16 0.9532558422447737
45 17 1.062834212126108
45 18 1.1630184422652552
45 19 1.2521635103730726
45 20 1.3288056568957791
45 21 1.3916864199063577
45 22 1.439773299014607
45 23 1.472276708995004
45 24 1.488662944754275
45 25 1.488662944754275
45 26 1.472276708995004
45 27 1.4397732990146073
45 28 1.3916864199063577
45 29 1.3288056568957791
45 30 1.252163510373073
45 31 1.1630184422652556
45 32 1.0628342121261083
45 33 0.9532558422447737
45 34 0.8360826064252466
45 35 0.713238485960253
45 36 0.5867405779116208
45 37 0.4586659744322835
45 38 0.33111765697055995
45 39 0.2061899653729064
45 40 0.08593420888154546
45 41 -0.027675016306586087
45 42 -0.13277224985479497
45 43 -0.22763179809378864
45 44 -0.310696069864018
45 45 -0.38060115211945045
45 46 -0.4361992053420831
45 47 -0.4765773110350907
45 48 -0.5010724618193075
45 49 -0.5092824479960615
46 0 -0.6247329951206255
46 1 -0.6165230089438716
46 2 -0.592027858159655
46 3 -0.5516497524666473
46 4 -0.49605169924401493
46 5 -0.426146616988582
46 6 -0.343082345218353
46 7 -0.248222796979359
46 8 -0.14312556343115057
46 9 -0.029516338243019358
46 10 0.09073941824834192
46 11 0.2156671098459953
46 12 0.34321542730771926
46 13 0.4712900307870561
46 14 0.5977879388356889
46 15 0.7206320593006821
46 16 0.8378052951202097
46 17 0.947383665001544
46 18 1.0475678951406913
46 19 1.1367129632485087
46 20 1.213355109771215
46 21 1.2762358727817937
46 22 1.3243227518900431
46 23 1.3568261618704398
46 24 1.3732123976297108
46 25 1.3732123976297108
46 26 1.35682616187044
46 27 1.3243227518900431
46 28 1.2762358727817937
46 29 1.2133551097712152
46 30 1.1367129632485091
46 31 1.0475678951406915
46 32 0.9473836650015444
46 33 0.8378052951202097
46 34 0.7206320593006825
46 35 0.5977879388356889
46 36 0.4712900307870568
46 37 0.3432154273077195
46 38 0.21566710984599594
46 39 0.09073941824834236
46 40 -0.02951633824301858
46 41 -0.14312556343115013
46 42 -0.248222796979359
46 43 -0.3430823452183527
46 44 -0.426146616988582
46 45 -0.4960516992440145
46 46 -0.5516497524666472
46 47 -0.5920278581596548
46 48 -0.6165230089438716
46 49 -0.6247329951206255
47 0 -0.7463454160904918
47 1 -0.7381354299137378
47 2 -0.7136402791295212
47 3 -0.6732621734365135
47 4 -0.6176641202138812
47 5 -0.5477590379584483
47 6 -0.46469476618821925
47 7 -0.36983521794922525
47 8 -0.2647379844010168
47 9 -0.1511287592128856
47 10 -0.030873002721524323
47 11 0.09405468887612906
47 12 0.22160300633785301
47 13 0.34967760981718987
47 14 0.4761755178658227
47 15 0.5990196383308158
47 16 0.7161928741503434
47 17 0.8257712440316778
47 18 0.9259554741708249
47 19 1.0151005422786423
47 20 1.0917426888013488
47 21 1.1546234518119274
47 22 1.2027103309201768
47 23 1.2352137409005737
47 24 1.2515999766598447
47 25 1.2515999766598447
47 26 1.2352137409005737
47 27 1.202710330920177
47 28 1.1546234518119274
47 29 1.0917426888013488
47 30 1.0151005422786428
47 31 0.9259554741708252
47 32 0.8257712440316781
47 33 0.7161928741503434
47 34 0.5990196383308163
47 35 0.4761755178658227
47 36 0.34967760981719054
47 37 0.22160300633785324
47 38 0.0940546888761297
47 39 -0.03087300272152388
47 40 -0.15112875921288482
47 41 -0.26473798440101637
47 42 -0.36983521794922525
47 43 -0.4646947661882189
47 44 -0.5477590379584483
47 45 -0.6176641202138807
47 46 -0.6732621734365134
47 47 -0.713640279129521
47 48 -0.7381354299137378
47 49 -0.7463454160904918
48 0 -0.8721228383154935
48 1 -0.8639128521387396
48 2 -0.839417701354523
48 3 -0.7990395956615153
48 4 -0.7434415424388829
48 5 -0.67353646018345
48 6 -0.590472188413221
48 7 -0.495612640174227
48 8 -0.3905154066260186
48 9 -0.27690618143788737
48 10 -0.15665042494652606
48 11 -0.031722733348872684
48 12 0.09582558411285129
48 13 0.22390018759218816
48 14 0.3503980956408209
48 15 0.4732422161058141
48 16 0.5904154519253417
48 17 0.699993821806676
48 18 0.8001780519458231
48 19 0.8893231200536407
48 20 0.965965266576347
48 21 1.0288460295869257
48 22 1.076932908695175
48 23 1.1094363186755718
48 24 1.1258225544348428
48 25 1.1258225544348428
48 26 1.109436318675572
48 27 1.0769329086951753
48 28 1.0288460295869257
48 29 0.9659652665763472
48 30 0.889323120053641
48 31 0.8001780519458235
48 32 0.6999938218066764
48 33 0.5904154519253417
48 34 0.4732422161058145
48 35 0.3503980956408209
48 36 0.22390018759218883
48 37 0.09582558411285151
48 38 -0.031722733348872045
48 39 -0.15665042494652562
48 40 -0.2769061814378866
48 41 -0.39051540662601814
48 42 -0.495612640174227
48 43 -0.5904721884132207
48 44 -0.67353646018345
48 45 -0.7434415424388825
48 46 -0.7990395956615152
48 47 -0.8394177013545228
48 48 -0.8639128521387396
48 49 -0.8721228383154935
49 0 -0.9999999999999999
49 1 -0.9917900138232459
49 2 -0.9672948630390293
49 3 -0.9269167573460216
49 4 -0.8713187041233893
49 5 -0.8014136218679564
49 6 -0.7183493500977274
49 7 -0.6234898018587334
49 8 -0.5183925683105249
49 9 -0.4047833431223937
49 10 -0.28452758663103245
49 11 -0.15959989503337907
49 12 -0.03205157757165508
49 13 0.09602302590768179
49 14 0.22252093395631456
49 15 0.3453650544213077
49 16 0.4625382902408353
49 17 0.5721166601221697
49 18 0.6723008902613168
49 19 0.7614459583691343
49 20 0.8380881048918406
49 21 0.9009688679024193
49 22 0.9490557470106687
49 23 0.9815591569910654
49 24 0.9979453927503364
49 25 0.9979453927503364
49 26 0.9815591569910656
49 27 0.9490557470106689
49 28 0.9009688679024193
49 29 0.8380881048918408
49 30 0.7614459583691346
49 31 0.6723008902613171
49 32 0.57211666012217
49 33 0.4625382902408353
49 34 0.34536505442130816
49 35 0.22252093395631456
49 36 0.09602302590768245
49 37 -0.03205157757165486
49 38 -0.15959989503337843
49 39 -0.284527586631032
49 40 -0.40478334312239295
49 41 -0.5183925683105245
49 42 -0.6234898018587334
49 43 -0.718349350097727
49 44 -0.8014136218679564
49 45 -0.8713187041233889
49 46 -0.9269167573460215
49 47 -0.9672948630390291
49 48 -0.9917900138232459
49 49 -0.9999999999999999
